GCF_001716895.1_FCEBIGGO_02699	GCF_001716895_FCEBIGGO_02699	100.000	888	0	0	1	888	1	888	0.0	1840	100
GCF_001716895.1_FCEBIGGO_02699	GCF_003401215_OBLCDENJ_03881	99.887	888	1	0	1	888	1	888	0.0	1837	100
GCF_001716895.1_FCEBIGGO_02699	GCF_003355135_MPHDEDDD_01021	99.775	888	2	0	1	888	1	888	0.0	1836	100
GCF_001716895.1_FCEBIGGO_02699	GCF_003182655_CFJAFHPI_01111	99.775	888	2	0	1	888	1	888	0.0	1836	100
GCF_001716895.1_FCEBIGGO_02699	GCF_002029205_BIBDMCCM_00248	99.775	888	2	0	1	888	1	888	0.0	1836	100
GCF_001716895.1_FCEBIGGO_02699	GCF_000695485_IBJDFJMC_00022	99.775	888	2	0	1	888	1	888	0.0	1836	100
GCF_001716895.1_FCEBIGGO_02699	GCF_000442455_FGMDNPNC_00775	99.775	888	2	0	1	888	1	888	0.0	1836	100
GCF_001716895.1_FCEBIGGO_02699	GCF_000264275_KHJKKCMI_02520	99.775	888	2	0	1	888	1	888	0.0	1836	100
GCF_001716895.1_FCEBIGGO_02699	GCF_004684145_GEMJCKJC_04626	99.662	888	3	0	1	888	1	888	0.0	1833	100
GCF_001716895.1_FCEBIGGO_02699	GCF_003967055_EAFIBBBL_01054	99.662	888	3	0	1	888	1	888	0.0	1833	100
GCF_001716895.1_FCEBIGGO_02699	GCF_003428265_NMABBNBC_02099	99.662	888	3	0	1	888	1	888	0.0	1833	100
GCF_001716895.1_FCEBIGGO_02699	GCF_002029225_PDADOIEJ_01264	99.662	888	3	0	1	888	1	888	0.0	1833	100
GCF_001716895.1_FCEBIGGO_02699	GCF_001065325_NMFNPBIH_04450	99.437	888	5	0	1	888	1	888	0.0	1830	100
GCF_001716895.1_FCEBIGGO_02699	GCF_900215445_JAPGBAIB_03809	99.550	888	4	0	1	888	1	888	0.0	1828	100
GCF_001716895.1_FCEBIGGO_02699	GCF_008011775_ENOIFLOA_03422	99.550	888	4	0	1	888	1	888	0.0	1828	100
GCF_001716895.1_FCEBIGGO_02699	GCF_007280475_FDJDCNOG_03480	99.550	888	4	0	1	888	1	888	0.0	1828	100
GCF_001716895.1_FCEBIGGO_02699	GCF_001539985_KACKEFHF_00215	99.437	888	5	0	1	888	1	888	0.0	1828	100
GCF_001716895.1_FCEBIGGO_02699	GCF_010598195_IELKFBJO_04469	99.437	888	5	0	1	888	1	888	0.0	1828	100
GCF_001716895.1_FCEBIGGO_02699	GCF_010598185_ADEACKOO_03411	99.437	888	5	0	1	888	1	888	0.0	1828	100
GCF_001716895.1_FCEBIGGO_02699	GCF_008011755_IJFLBFEL_03913	99.099	888	8	0	1	888	1	888	0.0	1825	100
GCF_001716895.1_FCEBIGGO_02699	GCF_002899365_MNIKPBIF_03591	99.212	888	7	0	1	888	1	888	0.0	1825	100
GCF_001716895.1_FCEBIGGO_02699	GCF_001062235_PPPJKNHF_03800	99.099	888	8	0	1	888	1	888	0.0	1825	100
GCF_001716895.1_FCEBIGGO_02699	GCF_001061145_DLGIAKHI_02759	99.099	888	8	0	1	888	1	888	0.0	1825	100
GCF_001716895.1_FCEBIGGO_02699	GCF_000751195_CDBLKAFL_00510	99.212	888	7	0	1	888	1	888	0.0	1825	100
GCF_001716895.1_FCEBIGGO_02699	GCF_000743395_HMEDBGAD_04345	99.212	888	7	0	1	888	1	888	0.0	1825	100
GCF_001716895.1_FCEBIGGO_02699	GCF_000735445_HOIEDIEA_04616	99.212	888	7	0	1	888	1	888	0.0	1825	100
GCF_001716895.1_FCEBIGGO_02699	GCF_004326135_BAKCCAOM_02338	99.099	888	8	0	1	888	1	888	0.0	1824	100
GCF_001716895.1_FCEBIGGO_02699	GCF_002899335_NFIOMIBH_03515	99.099	888	8	0	1	888	1	888	0.0	1824	100
GCF_001716895.1_FCEBIGGO_02699	GCF_009936295_GFFNAKJO_01017	99.212	888	7	0	1	888	1	888	0.0	1823	100
GCF_001716895.1_FCEBIGGO_02699	GCF_008011815_MCNKAHNH_04122	99.099	888	8	0	1	888	1	888	0.0	1823	100
GCF_001716895.1_FCEBIGGO_02699	GCF_002108655_BCFAGHPJ_01055	99.099	888	8	0	1	888	1	888	0.0	1823	100
GCF_001716895.1_FCEBIGGO_02699	GCF_008011865_JJAMGKFI_04841	99.099	888	8	0	1	888	1	888	0.0	1823	100
GCF_001716895.1_FCEBIGGO_02699	GCF_008011745_AIHMCAKG_04793	99.099	888	8	0	1	888	1	888	0.0	1823	100
GCF_001716895.1_FCEBIGGO_02699	GCF_003958605_DIELPLFA_00811	98.986	888	9	0	1	888	1	888	0.0	1823	100
GCF_001716895.1_FCEBIGGO_02699	GCF_003958565_EJDNPOPH_02514	98.986	888	9	0	1	888	1	888	0.0	1823	100
GCF_001716895.1_FCEBIGGO_02699	GCF_003958505_MPNNEAOH_01554	98.986	888	9	0	1	888	1	888	0.0	1823	100
GCF_001716895.1_FCEBIGGO_02699	GCF_003958495_FLKAIAKP_01749	98.986	888	9	0	1	888	1	888	0.0	1823	100
GCF_001716895.1_FCEBIGGO_02699	GCF_003958405_PPCFECNM_04036	98.986	888	9	0	1	888	1	888	0.0	1823	100
GCF_001716895.1_FCEBIGGO_02699	GCF_003958395_NANKPKGO_04389	98.986	888	9	0	1	888	1	888	0.0	1823	100
GCF_001716895.1_FCEBIGGO_02699	GCF_003958365_HDKGAKHC_04260	98.986	888	9	0	1	888	1	888	0.0	1823	100
GCF_001716895.1_FCEBIGGO_02699	GCF_003958205_DMGBBKFG_03337	98.986	888	9	0	1	888	1	888	0.0	1823	100
GCF_001716895.1_FCEBIGGO_02699	GCF_003958185_HDBHPEHK_02773	98.986	888	9	0	1	888	1	888	0.0	1823	100
GCF_001716895.1_FCEBIGGO_02699	GCF_003957975_HJHEHKLE_02947	98.986	888	9	0	1	888	1	888	0.0	1823	100
GCF_001716895.1_FCEBIGGO_02699	GCF_003516165_KDEAFCPH_03438	98.986	888	9	0	1	888	1	888	0.0	1823	100
GCF_001716895.1_FCEBIGGO_02699	GCF_002205475_FFIEIFCM_01038	98.986	888	9	0	1	888	1	888	0.0	1823	100
GCF_001716895.1_FCEBIGGO_02699	GCF_009707615_OMCKIJBA_04683	98.874	888	10	0	1	888	1	888	0.0	1822	100
GCF_001716895.1_FCEBIGGO_02699	GCF_003957985_IBLDDGDL_01750	98.986	888	9	0	1	888	1	888	0.0	1822	100
GCF_001716895.1_FCEBIGGO_02699	GCF_001642805_NMAGAPIH_00444	98.874	888	10	0	1	888	1	888	0.0	1822	100
GCF_001716895.1_FCEBIGGO_02699	GCF_000633555_DIKEMBLB_02755	98.874	888	10	0	1	888	1	888	0.0	1822	100
GCF_001716895.1_FCEBIGGO_02699	GCF_000633335_INPGBFIP_01027	98.874	888	10	0	1	888	1	888	0.0	1822	100
GCF_001716895.1_FCEBIGGO_02699	GCF_000292365_ELHHLONM_02284	98.874	888	10	0	1	888	1	888	0.0	1822	100
GCF_001716895.1_FCEBIGGO_02699	GCF_900456915_FEGODFDI_02938	99.212	888	7	0	1	888	1	888	0.0	1821	100
GCF_001716895.1_FCEBIGGO_02699	GCF_000695995_EOPKMOJJ_04658	98.986	888	9	0	1	888	1	888	0.0	1821	100
GCF_001716895.1_FCEBIGGO_02699	GCF_011029435_FEIDBNEA_00962	98.986	888	9	0	1	888	1	888	0.0	1821	100
GCF_001716895.1_FCEBIGGO_02699	GCF_010592785_DPLICPJI_03156	98.986	888	9	0	1	888	1	888	0.0	1821	100
GCF_001716895.1_FCEBIGGO_02699	GCF_006517585_GGMNDBJJ_01568	98.986	888	9	0	1	888	1	888	0.0	1821	100
GCF_001716895.1_FCEBIGGO_02699	GCF_004196355_IDDKJEIB_02759	98.986	888	9	0	1	888	1	888	0.0	1821	100
GCF_001716895.1_FCEBIGGO_02699	GCF_002899415_IAOMDFEH_02582	98.874	888	10	0	1	888	1	888	0.0	1821	100
GCF_001716895.1_FCEBIGGO_02699	GCF_002220535_CDBMODEN_00429	98.986	888	9	0	1	888	1	888	0.0	1821	100
GCF_001716895.1_FCEBIGGO_02699	GCF_001975745_EKGENMOF_01593	98.986	888	9	0	1	888	1	888	0.0	1821	100
GCF_001716895.1_FCEBIGGO_02699	GCF_001034395_AJBDLGMA_00193	98.874	888	10	0	1	888	1	888	0.0	1821	100
GCF_001716895.1_FCEBIGGO_02699	GCF_000465615_LOPNLNLD_01951	98.986	888	9	0	1	888	1	888	0.0	1821	100
GCF_001716895.1_FCEBIGGO_02699	GCF_000336425_PEFELIHB_01141	98.986	888	9	0	1	888	1	888	0.0	1821	100
GCF_001716895.1_FCEBIGGO_02699	GCF_001940505_KLAPBIDI_03501	98.874	888	10	0	1	888	1	888	0.0	1820	100
GCF_001716895.1_FCEBIGGO_02699	GCF_009746745_JAEGFFDI_00326	98.874	888	10	0	1	888	1	888	0.0	1820	100
GCF_001716895.1_FCEBIGGO_02699	GCF_002592035_EFFFHKIA_01237	98.874	888	10	0	1	888	1	888	0.0	1820	100
GCF_001716895.1_FCEBIGGO_02699	GCF_002094145_CDAAEPBM_03800	98.874	888	10	0	1	888	1	888	0.0	1820	100
GCF_001716895.1_FCEBIGGO_02699	GCF_002082115_CLNNOFCI_02087	98.874	888	10	0	1	888	1	888	0.0	1820	100
GCF_001716895.1_FCEBIGGO_02699	GCF_001417865_CMEJANPL_01171	98.874	888	10	0	1	888	1	888	0.0	1820	100
GCF_001716895.1_FCEBIGGO_02699	GCF_003958575_JAPEBACL_02540	98.874	888	10	0	1	888	1	888	0.0	1819	100
GCF_001716895.1_FCEBIGGO_02699	GCF_009900725_MMCBFANK_00174	98.874	888	10	0	1	888	1	888	0.0	1819	100
GCF_001716895.1_FCEBIGGO_02699	GCF_002915475_DIADOGBM_02389	98.761	888	11	0	1	888	1	888	0.0	1819	100
GCF_001716895.1_FCEBIGGO_02699	GCF_002915445_CNBBCGFB_01633	98.761	888	11	0	1	888	1	888	0.0	1819	100
GCF_001716895.1_FCEBIGGO_02699	GCF_003516185_HLGHPOLO_04056	98.874	888	10	0	1	888	1	888	0.0	1818	100
GCF_001716895.1_FCEBIGGO_02699	GCF_001076625_FNLCHELJ_04237	98.986	888	9	0	1	888	1	888	0.0	1818	100
GCF_001716895.1_FCEBIGGO_02699	GCF_001064455_HNALPNFK_00241	98.986	888	9	0	1	888	1	888	0.0	1818	100
GCF_001716895.1_FCEBIGGO_02699	GCF_001064345_FGOADACL_04407	98.986	888	9	0	1	888	1	888	0.0	1818	100
GCF_001716895.1_FCEBIGGO_02699	GCF_001064335_BDICGHFL_04005	98.986	888	9	0	1	888	1	888	0.0	1818	100
GCF_001716895.1_FCEBIGGO_02699	GCF_001063175_GNFMLOKJ_03442	98.986	888	9	0	1	888	1	888	0.0	1818	100
GCF_001716895.1_FCEBIGGO_02699	GCF_001063145_LBLJHFEG_03906	98.986	888	9	0	1	888	1	888	0.0	1818	100
GCF_001716895.1_FCEBIGGO_02699	GCF_001063125_FNHPANHL_03471	98.986	888	9	0	1	888	1	888	0.0	1818	100
GCF_001716895.1_FCEBIGGO_02699	GCF_900101535_FOAADIGP_00832	98.761	888	11	0	1	888	1	888	0.0	1818	100
GCF_001716895.1_FCEBIGGO_02699	GCF_000738675_LGDHDFDH_04636	98.761	888	11	0	1	888	1	888	0.0	1818	100
GCF_001716895.1_FCEBIGGO_02699	GCF_011684105_GMPOFBMG_00393	98.874	888	10	0	1	888	1	888	0.0	1817	100
GCF_001716895.1_FCEBIGGO_02699	GCF_011602465_LEDCHJCL_01140	98.649	888	12	0	1	888	1	888	0.0	1817	100
GCF_001716895.1_FCEBIGGO_02699	GCF_001902635_LNOKHGMO_00830	94.144	888	52	0	1	888	1	888	0.0	1737	100
GCF_001716895.1_FCEBIGGO_02699	GCF_001672055_OKMGJPON_01093	98.429	764	12	0	1	764	1	764	0.0	1566	86
GCF_001716895.1_FCEBIGGO_02699	GCF_001672055_OKMGJPON_01092	99.187	123	1	0	766	888	1	123	1.03e-74	244	14
GCF_001716895.1_FCEBIGGO_02699	GCF_001672055_OKMGJPON_02198	34.463	354	190	12	19	332	24	375	3.51e-31	137	35
GCF_001716895.1_FCEBIGGO_02699	GCF_006711245_HCCKLOJI_02134	34.746	354	189	12	19	332	24	375	3.83e-31	137	35
GCF_001716895.1_FCEBIGGO_02699	GCF_000988045_NCAEPFAA_01067	34.746	354	189	12	19	332	24	375	3.83e-31	137	35
GCF_001716895.1_FCEBIGGO_02699	GCF_000633695_FLCMMIPP_04607	34.746	354	189	12	19	332	24	375	3.83e-31	137	35
GCF_001716895.1_FCEBIGGO_02699	GCF_902386095_IODMHOKC_00357	34.463	354	190	12	19	332	24	375	4.73e-31	136	35
GCF_001716895.1_FCEBIGGO_02699	GCF_001808215_LKCGHJBH_04399	34.463	354	190	12	19	332	24	375	4.73e-31	136	35
GCF_001716895.1_FCEBIGGO_02699	GCF_001065935_GEJBHIAJ_03150	34.463	354	190	12	19	332	24	375	4.73e-31	136	35
GCF_001716895.1_FCEBIGGO_02699	GCF_001065845_OBEJPGBC_01357	34.463	354	190	12	19	332	24	375	4.73e-31	136	35
GCF_001716895.1_FCEBIGGO_02699	GCF_000418935_HCOJCIOP_03125	34.463	354	190	12	19	332	24	375	4.73e-31	136	35
GCF_001716895.1_FCEBIGGO_02699	GCF_000418915_BBPCCIBD_02028	34.463	354	190	12	19	332	24	375	4.73e-31	136	35
GCF_001716895.1_FCEBIGGO_02699	GCF_000418895_HLNCKHIA_02674	34.463	354	190	12	19	332	24	375	4.73e-31	136	35
GCF_001716895.1_FCEBIGGO_02699	GCF_000418875_CMFIOCNO_00340	34.463	354	190	12	19	332	24	375	4.73e-31	136	35
GCF_001716895.1_FCEBIGGO_02699	GCF_000418855_LLKHJMAM_04094	34.463	354	190	12	19	332	24	375	4.73e-31	136	35
GCF_001716895.1_FCEBIGGO_02699	GCF_000418835_CHNBBBIF_00100	34.463	354	190	12	19	332	24	375	4.73e-31	136	35
GCF_001716895.1_FCEBIGGO_02699	GCF_000418815_MDPGPBMG_01567	34.463	354	190	12	19	332	24	375	4.73e-31	136	35
GCF_001716895.1_FCEBIGGO_02699	GCF_002185265_BNGEMDFF_04272	34.463	354	190	12	19	332	24	375	7.26e-31	135	35
GCF_001716895.1_FCEBIGGO_02699	GCF_900108835_NMMKLIDN_00920	34.463	354	190	12	19	332	24	375	7.32e-31	135	35
GCF_001716895.1_FCEBIGGO_02699	GCF_008931425_CNAEEDHH_02155	34.463	354	190	12	19	332	24	375	7.32e-31	135	35
GCF_001716895.1_FCEBIGGO_02699	GCF_003146705_AIPCADHB_00265	34.463	354	190	12	19	332	24	375	7.32e-31	135	35
GCF_001716895.1_FCEBIGGO_02699	GCF_002250685_BPNPBFJI_02636	34.463	354	190	12	19	332	24	375	7.32e-31	135	35
GCF_001716895.1_FCEBIGGO_02699	GCF_001538785_FBPDMAPM_04113	34.463	354	190	12	19	332	24	375	7.32e-31	135	35
GCF_001716895.1_FCEBIGGO_02699	GCF_001022215_CMAFBNKP_00168	34.463	354	190	12	19	332	24	375	7.32e-31	135	35
GCF_001716895.1_FCEBIGGO_02699	GCF_010597745_CJJIEFIK_01336	34.463	354	190	12	19	332	24	375	7.93e-31	135	35
GCF_001716895.1_FCEBIGGO_02699	GCF_009834305_NPBCIJNL_01601	34.463	354	190	12	19	332	24	375	7.93e-31	135	35
GCF_001716895.1_FCEBIGGO_02699	GCF_008364335_IIFCFPFN_03446	34.463	354	190	12	19	332	24	375	7.93e-31	135	35
GCF_001716895.1_FCEBIGGO_02699	GCF_008364255_NFGABJFO_01651	34.463	354	190	12	19	332	24	375	7.93e-31	135	35
GCF_001716895.1_FCEBIGGO_02699	GCF_008364245_BIDDEPAM_03506	34.463	354	190	12	19	332	24	375	7.93e-31	135	35
GCF_001716895.1_FCEBIGGO_02699	GCF_008011825_KCBGGNND_04445	34.463	354	190	12	19	332	24	375	7.93e-31	135	35
GCF_001716895.1_FCEBIGGO_02699	GCF_003186475_ADFMBOAE_02028	34.463	354	190	12	19	332	24	375	7.93e-31	135	35
GCF_001716895.1_FCEBIGGO_02699	GCF_002797215_HOCCKOBE_03408	34.463	354	190	12	19	332	24	375	7.93e-31	135	35
GCF_001716895.1_FCEBIGGO_02699	GCF_001932655_HPAONNFF_03343	34.463	354	190	12	19	332	24	375	7.93e-31	135	35
GCF_001716895.1_FCEBIGGO_02699	GCF_001853495_IIBGBMON_03679	34.463	354	190	12	19	332	24	375	7.93e-31	135	35
GCF_001716895.1_FCEBIGGO_02699	GCF_001853455_IJDIHCNI_03705	34.463	354	190	12	19	332	24	375	7.93e-31	135	35
GCF_001716895.1_FCEBIGGO_02699	GCF_001540465_DBLBJNDD_01994	34.463	354	190	12	19	332	24	375	7.93e-31	135	35
GCF_001716895.1_FCEBIGGO_02699	GCF_001540205_OHIFNNIO_00489	34.463	354	190	12	19	332	24	375	7.93e-31	135	35
GCF_001716895.1_FCEBIGGO_02699	GCF_001540025_MICJHINL_00414	34.463	354	190	12	19	332	24	375	7.93e-31	135	35
GCF_001716895.1_FCEBIGGO_02699	GCF_001539825_CAPKMHFJ_00414	34.463	354	190	12	19	332	24	375	7.93e-31	135	35
GCF_001716895.1_FCEBIGGO_02699	GCF_001539305_MGJBNLLL_01454	34.463	354	190	12	19	332	24	375	7.93e-31	135	35
GCF_001716895.1_FCEBIGGO_02699	GCF_001539065_KMKDECGG_01382	34.463	354	190	12	19	332	24	375	7.93e-31	135	35
GCF_001716895.1_FCEBIGGO_02699	GCF_001539005_OCICCMKI_02438	34.463	354	190	12	19	332	24	375	7.93e-31	135	35
GCF_001716895.1_FCEBIGGO_02699	GCF_001538485_ELIFHJMN_00547	34.463	354	190	12	19	332	24	375	7.93e-31	135	35
GCF_001716895.1_FCEBIGGO_02699	GCF_001537745_PMFPDNCO_01396	34.463	354	190	12	19	332	24	375	7.93e-31	135	35
GCF_001716895.1_FCEBIGGO_02699	GCF_001537385_MKNBCCJA_00490	34.463	354	190	12	19	332	24	375	7.93e-31	135	35
GCF_001716895.1_FCEBIGGO_02699	GCF_001537245_EIIMCAOD_01378	34.463	354	190	12	19	332	24	375	7.93e-31	135	35
GCF_001716895.1_FCEBIGGO_02699	GCF_001537205_BBPICAKA_01127	34.463	354	190	12	19	332	24	375	7.93e-31	135	35
GCF_001716895.1_FCEBIGGO_02699	GCF_001536605_BMAFNBPL_01453	34.463	354	190	12	19	332	24	375	7.93e-31	135	35
GCF_001716895.1_FCEBIGGO_02699	GCF_000783615_OIJKJCNN_04347	34.463	354	190	12	19	332	24	375	7.93e-31	135	35
GCF_001716895.1_FCEBIGGO_02699	GCF_002220615_EOBEOGLI_01486	34.463	354	190	12	19	332	24	375	8.50e-31	135	35
GCF_001716895.1_FCEBIGGO_02699	GCF_002220595_JHKODEOH_01485	34.463	354	190	12	19	332	24	375	8.50e-31	135	35
GCF_001716895.1_FCEBIGGO_02699	GCF_001539445_FCMNCPHK_00354	34.463	354	190	12	19	332	24	375	8.50e-31	135	35
GCF_001716895.1_FCEBIGGO_02699	GCF_001060335_HGMCDBAI_01273	34.463	354	190	12	19	332	24	375	9.87e-31	135	35
GCF_001716895.1_FCEBIGGO_02699	GCF_003425745_CDAPDDEC_02985	34.463	354	190	12	19	332	24	375	1.02e-30	135	35
GCF_001716895.1_FCEBIGGO_02699	GCF_002899355_ELOHNIBI_02451	34.463	354	190	12	19	332	24	375	1.06e-30	135	35
GCF_001716895.1_FCEBIGGO_02699	GCF_002220715_DBAOCBHI_01606	34.463	354	190	12	19	332	24	375	1.06e-30	135	35
GCF_001716895.1_FCEBIGGO_02699	GCF_001714765_HHPLBGOA_01247	34.463	354	190	12	19	332	24	375	1.06e-30	135	35
GCF_001716895.1_FCEBIGGO_02699	GCF_000783975_MGJOIJDC_04496	34.463	354	190	12	19	332	24	375	1.06e-30	135	35
GCF_001716895.1_FCEBIGGO_02699	GCF_001902635_LNOKHGMO_03137	34.463	354	190	12	19	332	24	375	1.16e-30	135	35
GCF_001716895.1_FCEBIGGO_02699	GCF_900518955_JJJGDPPH_01771	34.463	354	190	12	19	332	24	375	1.17e-30	135	35
GCF_001716895.1_FCEBIGGO_02699	GCF_900518945_LFJNKILN_04468	34.463	354	190	12	19	332	24	375	1.17e-30	135	35
GCF_001716895.1_FCEBIGGO_02699	GCF_900518925_ENAOCPPC_01915	34.463	354	190	12	19	332	24	375	1.17e-30	135	35
GCF_001716895.1_FCEBIGGO_02699	GCF_900518895_KLMCHLGD_03063	34.463	354	190	12	19	332	24	375	1.17e-30	135	35
GCF_001716895.1_FCEBIGGO_02699	GCF_002220515_ABOFGABG_01604	34.463	354	190	12	19	332	24	375	1.18e-30	135	35
GCF_001716895.1_FCEBIGGO_02699	GCF_900215455_OCJKGMMJ_01471	34.463	354	190	12	19	332	24	375	1.23e-30	135	35
GCF_001716895.1_FCEBIGGO_02699	GCF_900005125_OGHHBDFF_01461	34.463	354	190	12	19	332	24	375	1.24e-30	135	35
GCF_001716895.1_FCEBIGGO_02699	GCF_001007555_IPKGOGJI_02239	34.463	354	190	12	19	332	24	375	1.24e-30	135	35
GCF_001716895.1_FCEBIGGO_02699	GCF_900518975_DNKMIKDB_01554	34.463	354	190	12	19	332	24	375	1.34e-30	135	35
GCF_001716895.1_FCEBIGGO_02699	GCF_010599015_HNPOANNA_00520	34.463	354	190	12	19	332	24	375	1.34e-30	135	35
GCF_001716895.1_FCEBIGGO_02699	GCF_010598745_ANOKNGLC_02188	34.463	354	190	12	19	332	24	375	1.34e-30	135	35
GCF_001716895.1_FCEBIGGO_02699	GCF_010594485_LIMGOHJL_02421	34.463	354	190	12	19	332	24	375	1.34e-30	135	35
GCF_001716895.1_FCEBIGGO_02699	GCF_010499445_GFPMIHPD_01388	34.463	354	190	12	19	332	24	375	1.34e-30	135	35
GCF_001716895.1_FCEBIGGO_02699	GCF_010499415_KDDDKFKI_01387	34.463	354	190	12	19	332	24	375	1.34e-30	135	35
GCF_001716895.1_FCEBIGGO_02699	GCF_010499355_HIONENMO_01388	34.463	354	190	12	19	332	24	375	1.34e-30	135	35
GCF_001716895.1_FCEBIGGO_02699	GCF_010499345_CKHAKIEP_01388	34.463	354	190	12	19	332	24	375	1.34e-30	135	35
GCF_001716895.1_FCEBIGGO_02699	GCF_010499315_ENHBPKBK_01388	34.463	354	190	12	19	332	24	375	1.34e-30	135	35
GCF_001716895.1_FCEBIGGO_02699	GCF_009909345_EKLFCPMJ_02248	34.463	354	190	12	19	332	24	375	1.34e-30	135	35
GCF_001716895.1_FCEBIGGO_02699	GCF_009833195_AJOPGLAF_02860	34.463	354	190	12	19	332	24	375	1.34e-30	135	35
GCF_001716895.1_FCEBIGGO_02699	GCF_008364235_ECEMPEDN_00024	34.463	354	190	12	19	332	24	375	1.34e-30	135	35
GCF_001716895.1_FCEBIGGO_02699	GCF_008011875_FIHNOPAG_04533	34.463	354	190	12	19	332	24	375	1.34e-30	135	35
GCF_001716895.1_FCEBIGGO_02699	GCF_008011725_OAIMNLKG_00711	34.463	354	190	12	19	332	24	375	1.34e-30	135	35
GCF_001716895.1_FCEBIGGO_02699	GCF_006716725_HCBOFHMG_02206	34.463	354	190	12	19	332	24	375	1.34e-30	135	35
GCF_001716895.1_FCEBIGGO_02699	GCF_004196365_IHLMADMD_02442	34.463	354	190	12	19	332	24	375	1.34e-30	135	35
GCF_001716895.1_FCEBIGGO_02699	GCF_003719595_GNLNAKGO_01569	34.463	354	190	12	19	332	24	375	1.34e-30	135	35
GCF_001716895.1_FCEBIGGO_02699	GCF_003071585_HACCBCKC_02187	34.463	354	190	12	19	332	24	375	1.34e-30	135	35
GCF_001716895.1_FCEBIGGO_02699	GCF_002915435_MGDGHJCH_00925	34.463	354	190	12	19	332	24	375	1.34e-30	135	35
GCF_001716895.1_FCEBIGGO_02699	GCF_002752535_CGNAEMIC_02063	34.463	354	190	12	19	332	24	375	1.34e-30	135	35
GCF_001716895.1_FCEBIGGO_02699	GCF_002752495_BLDDHIMC_04897	34.463	354	190	12	19	332	24	375	1.34e-30	135	35
GCF_001716895.1_FCEBIGGO_02699	GCF_002752435_NBDCAOOH_04484	34.463	354	190	12	19	332	24	375	1.34e-30	135	35
GCF_001716895.1_FCEBIGGO_02699	GCF_002752265_GCMEBLEI_01779	34.463	354	190	12	19	332	24	375	1.34e-30	135	35
GCF_001716895.1_FCEBIGGO_02699	GCF_002752255_LJOGGPDP_00377	34.463	354	190	12	19	332	24	375	1.34e-30	135	35
GCF_001716895.1_FCEBIGGO_02699	GCF_002752235_MPPBCAGH_03448	34.463	354	190	12	19	332	24	375	1.34e-30	135	35
GCF_001716895.1_FCEBIGGO_02699	GCF_002752195_KCBGJMEE_00238	34.463	354	190	12	19	332	24	375	1.34e-30	135	35
GCF_001716895.1_FCEBIGGO_02699	GCF_002752155_FNPILIKK_03957	34.463	354	190	12	19	332	24	375	1.34e-30	135	35
GCF_001716895.1_FCEBIGGO_02699	GCF_002752135_ONGIHLGB_00701	34.463	354	190	12	19	332	24	375	1.34e-30	135	35
GCF_001716895.1_FCEBIGGO_02699	GCF_002752095_CCDMHFBG_00847	34.463	354	190	12	19	332	24	375	1.34e-30	135	35
GCF_001716895.1_FCEBIGGO_02699	GCF_002752085_NBKJPLME_01217	34.463	354	190	12	19	332	24	375	1.34e-30	135	35
GCF_001716895.1_FCEBIGGO_02699	GCF_002751955_IOBOLJHA_04092	34.463	354	190	12	19	332	24	375	1.34e-30	135	35
GCF_001716895.1_FCEBIGGO_02699	GCF_002751935_NDNKPLOO_00080	34.463	354	190	12	19	332	24	375	1.34e-30	135	35
GCF_001716895.1_FCEBIGGO_02699	GCF_002220675_GPFLABDE_01591	34.463	354	190	12	19	332	24	375	1.34e-30	135	35
GCF_001716895.1_FCEBIGGO_02699	GCF_001280365_CADNFPEA_04607	34.463	354	190	12	19	332	24	375	1.34e-30	135	35
GCF_001716895.1_FCEBIGGO_02699	GCF_000747565_OJNAKLJN_02116	34.463	354	190	12	19	332	24	375	1.34e-30	135	35
GCF_001716895.1_FCEBIGGO_02699	GCF_000521905_MGKOHKHP_01849	34.463	354	190	12	19	332	24	375	1.34e-30	135	35
GCF_001716895.1_FCEBIGGO_02699	GCF_010592785_DPLICPJI_00265	34.181	354	191	12	19	332	24	375	1.46e-30	135	35
GCF_001716895.1_FCEBIGGO_02699	GCF_008011815_MCNKAHNH_03298	34.181	354	191	12	19	332	24	375	1.46e-30	135	35
GCF_001716895.1_FCEBIGGO_02699	GCF_002205475_FFIEIFCM_02065	34.181	354	191	12	19	332	24	375	1.46e-30	135	35
GCF_001716895.1_FCEBIGGO_02699	GCF_001076625_FNLCHELJ_02860	34.181	354	191	12	19	332	24	375	1.46e-30	135	35
GCF_001716895.1_FCEBIGGO_02699	GCF_001064455_HNALPNFK_04382	34.181	354	191	12	19	332	24	375	1.46e-30	135	35
GCF_001716895.1_FCEBIGGO_02699	GCF_001064345_FGOADACL_03388	34.181	354	191	12	19	332	24	375	1.46e-30	135	35
GCF_001716895.1_FCEBIGGO_02699	GCF_001064335_BDICGHFL_04764	34.181	354	191	12	19	332	24	375	1.46e-30	135	35
GCF_001716895.1_FCEBIGGO_02699	GCF_001063175_GNFMLOKJ_04643	34.181	354	191	12	19	332	24	375	1.46e-30	135	35
GCF_001716895.1_FCEBIGGO_02699	GCF_001063145_LBLJHFEG_01545	34.181	354	191	12	19	332	24	375	1.46e-30	135	35
GCF_001716895.1_FCEBIGGO_02699	GCF_001063125_FNHPANHL_00379	34.181	354	191	12	19	332	24	375	1.46e-30	135	35
GCF_001716895.1_FCEBIGGO_02699	GCF_000465615_LOPNLNLD_03809	34.181	354	191	12	19	332	24	375	1.46e-30	135	35
GCF_001716895.1_FCEBIGGO_02699	GCF_001060655_JDOLKJIM_00345	34.181	354	191	12	19	332	24	375	1.64e-30	134	35
GCF_001716895.1_FCEBIGGO_02699	GCF_001060625_EHMNEJNK_02738	34.181	354	191	12	19	332	24	375	1.64e-30	134	35
GCF_001716895.1_FCEBIGGO_02699	GCF_002752475_EELMMHDL_02521	34.181	354	191	12	19	332	24	375	1.77e-30	134	35
GCF_001716895.1_FCEBIGGO_02699	GCF_002752455_DHAHHHBN_04054	34.181	354	191	12	19	332	24	375	1.77e-30	134	35
GCF_001716895.1_FCEBIGGO_02699	GCF_900101535_FOAADIGP_04161	34.181	354	191	12	19	332	24	375	1.82e-30	134	35
GCF_001716895.1_FCEBIGGO_02699	GCF_011684105_GMPOFBMG_03127	34.181	354	191	12	19	332	24	375	1.82e-30	134	35
GCF_001716895.1_FCEBIGGO_02699	GCF_011602465_LEDCHJCL_02186	34.181	354	191	12	19	332	24	375	1.82e-30	134	35
GCF_001716895.1_FCEBIGGO_02699	GCF_011029435_FEIDBNEA_03990	34.181	354	191	12	19	332	24	375	1.82e-30	134	35
GCF_001716895.1_FCEBIGGO_02699	GCF_010590285_MIGCIMEF_02395	34.181	354	191	12	19	332	24	375	1.82e-30	134	35
GCF_001716895.1_FCEBIGGO_02699	GCF_009900725_MMCBFANK_01358	34.181	354	191	12	19	332	24	375	1.82e-30	134	35
GCF_001716895.1_FCEBIGGO_02699	GCF_009746745_JAEGFFDI_01502	34.181	354	191	12	19	332	24	375	1.82e-30	134	35
GCF_001716895.1_FCEBIGGO_02699	GCF_006517585_GGMNDBJJ_00408	34.181	354	191	12	19	332	24	375	1.82e-30	134	35
GCF_001716895.1_FCEBIGGO_02699	GCF_004326135_BAKCCAOM_01265	34.181	354	191	12	19	332	24	375	1.82e-30	134	35
GCF_001716895.1_FCEBIGGO_02699	GCF_004196355_IDDKJEIB_03765	34.181	354	191	12	19	332	24	375	1.82e-30	134	35
GCF_001716895.1_FCEBIGGO_02699	GCF_003958605_DIELPLFA_01965	34.181	354	191	12	19	332	24	375	1.82e-30	134	35
GCF_001716895.1_FCEBIGGO_02699	GCF_003958575_JAPEBACL_03709	34.181	354	191	12	19	332	24	375	1.82e-30	134	35
GCF_001716895.1_FCEBIGGO_02699	GCF_003958565_EJDNPOPH_04609	34.181	354	191	12	19	332	24	375	1.82e-30	134	35
GCF_001716895.1_FCEBIGGO_02699	GCF_003958505_MPNNEAOH_02734	34.181	354	191	12	19	332	24	375	1.82e-30	134	35
GCF_001716895.1_FCEBIGGO_02699	GCF_003958495_FLKAIAKP_04714	34.181	354	191	12	19	332	24	375	1.82e-30	134	35
GCF_001716895.1_FCEBIGGO_02699	GCF_003958405_PPCFECNM_03748	34.181	354	191	12	19	332	24	375	1.82e-30	134	35
GCF_001716895.1_FCEBIGGO_02699	GCF_003958395_NANKPKGO_02011	34.181	354	191	12	19	332	24	375	1.82e-30	134	35
GCF_001716895.1_FCEBIGGO_02699	GCF_003958365_HDKGAKHC_00290	34.181	354	191	12	19	332	24	375	1.82e-30	134	35
GCF_001716895.1_FCEBIGGO_02699	GCF_003958205_DMGBBKFG_02587	34.181	354	191	12	19	332	24	375	1.82e-30	134	35
GCF_001716895.1_FCEBIGGO_02699	GCF_003958185_HDBHPEHK_04792	34.181	354	191	12	19	332	24	375	1.82e-30	134	35
GCF_001716895.1_FCEBIGGO_02699	GCF_003957975_HJHEHKLE_02549	34.181	354	191	12	19	332	24	375	1.82e-30	134	35
GCF_001716895.1_FCEBIGGO_02699	GCF_003516185_HLGHPOLO_00313	34.181	354	191	12	19	332	24	375	1.82e-30	134	35
GCF_001716895.1_FCEBIGGO_02699	GCF_002915475_DIADOGBM_01351	34.181	354	191	12	19	332	24	375	1.82e-30	134	35
GCF_001716895.1_FCEBIGGO_02699	GCF_002915445_CNBBCGFB_00595	34.181	354	191	12	19	332	24	375	1.82e-30	134	35
GCF_001716895.1_FCEBIGGO_02699	GCF_002899415_IAOMDFEH_00698	34.181	354	191	12	19	332	24	375	1.82e-30	134	35
GCF_001716895.1_FCEBIGGO_02699	GCF_002899335_NFIOMIBH_01897	34.181	354	191	12	19	332	24	375	1.82e-30	134	35
GCF_001716895.1_FCEBIGGO_02699	GCF_002592035_EFFFHKIA_02863	34.181	354	191	12	19	332	24	375	1.82e-30	134	35
GCF_001716895.1_FCEBIGGO_02699	GCF_002108655_BCFAGHPJ_02469	34.181	354	191	12	19	332	24	375	1.82e-30	134	35
GCF_001716895.1_FCEBIGGO_02699	GCF_002094145_CDAAEPBM_00799	34.181	354	191	12	19	332	24	375	1.82e-30	134	35
GCF_001716895.1_FCEBIGGO_02699	GCF_002082115_CLNNOFCI_04670	34.181	354	191	12	19	332	24	375	1.82e-30	134	35
GCF_001716895.1_FCEBIGGO_02699	GCF_001975745_EKGENMOF_00494	34.181	354	191	12	19	332	24	375	1.82e-30	134	35
GCF_001716895.1_FCEBIGGO_02699	GCF_001940505_KLAPBIDI_01880	34.181	354	191	12	19	332	24	375	1.82e-30	134	35
GCF_001716895.1_FCEBIGGO_02699	GCF_001417865_CMEJANPL_02408	34.181	354	191	12	19	332	24	375	1.82e-30	134	35
GCF_001716895.1_FCEBIGGO_02699	GCF_001065405_BONDNIJO_00451	34.181	354	191	12	19	332	24	375	1.82e-30	134	35
GCF_001716895.1_FCEBIGGO_02699	GCF_001062235_PPPJKNHF_00856	34.181	354	191	12	19	332	24	375	1.82e-30	134	35
GCF_001716895.1_FCEBIGGO_02699	GCF_001061145_DLGIAKHI_00134	34.181	354	191	12	19	332	24	375	1.82e-30	134	35
GCF_001716895.1_FCEBIGGO_02699	GCF_001034395_AJBDLGMA_01247	34.181	354	191	12	19	332	24	375	1.82e-30	134	35
GCF_001716895.1_FCEBIGGO_02699	GCF_000738675_LGDHDFDH_03581	34.181	354	191	12	19	332	24	375	1.82e-30	134	35
GCF_001716895.1_FCEBIGGO_02699	GCF_000695995_EOPKMOJJ_03580	34.181	354	191	12	19	332	24	375	1.82e-30	134	35
GCF_001716895.1_FCEBIGGO_02699	GCF_000336425_PEFELIHB_02258	34.181	354	191	12	19	332	24	375	1.82e-30	134	35
GCF_001716895.1_FCEBIGGO_02699	GCF_008364225_OPILBNGE_02821	34.181	354	191	12	19	332	24	375	1.84e-30	134	35
GCF_001716895.1_FCEBIGGO_02699	GCF_008830745_OFPOANFM_04414	34.181	354	191	12	19	332	24	375	1.87e-30	134	35
GCF_001716895.1_FCEBIGGO_02699	GCF_000738535_KKJACIGF_03008	34.181	354	191	12	19	332	24	375	1.87e-30	134	35
GCF_001716895.1_FCEBIGGO_02699	GCF_902165925_BLGBJOLO_01078	34.181	354	191	12	19	332	24	375	1.94e-30	134	35
GCF_001716895.1_FCEBIGGO_02699	GCF_011769885_JBKGKJLA_00248	34.181	354	191	12	19	332	24	375	1.94e-30	134	35
GCF_001716895.1_FCEBIGGO_02699	GCF_010612385_COMBPIBG_01780	34.181	354	191	12	19	332	24	375	1.94e-30	134	35
GCF_001716895.1_FCEBIGGO_02699	GCF_010612345_KGDHAONF_02257	34.181	354	191	12	19	332	24	375	1.94e-30	134	35
GCF_001716895.1_FCEBIGGO_02699	GCF_010612305_CNNDJJBL_00526	34.181	354	191	12	19	332	24	375	1.94e-30	134	35
GCF_001716895.1_FCEBIGGO_02699	GCF_010612285_BANNEJDF_00145	34.181	354	191	12	19	332	24	375	1.94e-30	134	35
GCF_001716895.1_FCEBIGGO_02699	GCF_008011855_ABNBOPBJ_04333	34.181	354	191	12	19	332	24	375	1.94e-30	134	35
GCF_001716895.1_FCEBIGGO_02699	GCF_002220695_AAHPFDOM_01482	34.181	354	191	12	19	332	24	375	1.94e-30	134	35
GCF_001716895.1_FCEBIGGO_02699	GCF_002220575_ILPMHHNE_01483	34.181	354	191	12	19	332	24	375	1.94e-30	134	35
GCF_001716895.1_FCEBIGGO_02699	GCF_001537085_KFNFFECL_01303	34.181	354	191	12	19	332	24	375	1.94e-30	134	35
GCF_001716895.1_FCEBIGGO_02699	GCF_001064975_NCOEBCKL_01079	34.181	354	191	12	19	332	24	375	1.94e-30	134	35
GCF_001716895.1_FCEBIGGO_02699	GCF_001064855_AJCFPCMG_01084	34.181	354	191	12	19	332	24	375	1.94e-30	134	35
GCF_001716895.1_FCEBIGGO_02699	GCF_001064835_LIIIOABO_03564	34.181	354	191	12	19	332	24	375	1.94e-30	134	35
GCF_001716895.1_FCEBIGGO_02699	GCF_001064725_NPFAFPPJ_03254	34.181	354	191	12	19	332	24	375	1.94e-30	134	35
GCF_001716895.1_FCEBIGGO_02699	GCF_001064715_OHFBPKPJ_02688	34.181	354	191	12	19	332	24	375	1.94e-30	134	35
GCF_001716895.1_FCEBIGGO_02699	GCF_001063375_GBHPFAIH_02650	34.181	354	191	12	19	332	24	375	1.94e-30	134	35
GCF_001716895.1_FCEBIGGO_02699	GCF_001063325_MKJKFOMG_04252	34.181	354	191	12	19	332	24	375	1.94e-30	134	35
GCF_001716895.1_FCEBIGGO_02699	GCF_001051865_JCDCGHGM_01291	34.181	354	191	12	19	332	24	375	1.94e-30	134	35
GCF_001716895.1_FCEBIGGO_02699	GCF_003812745_LCNKCNPC_03390	34.181	354	191	12	19	332	24	375	1.99e-30	134	35
GCF_001716895.1_FCEBIGGO_02699	GCF_006715005_AKDDACNO_02026	34.181	354	191	12	19	332	24	375	2.01e-30	134	35
GCF_001716895.1_FCEBIGGO_02699	GCF_001294565_LFNKJDPM_01589	34.181	354	191	12	19	332	24	375	2.01e-30	134	35
GCF_001716895.1_FCEBIGGO_02699	GCF_001537565_JAHMIGOE_03597	34.181	354	191	12	19	332	24	375	2.02e-30	134	35
GCF_001716895.1_FCEBIGGO_02699	GCF_902387935_MHJOPMBJ_01363	34.181	354	191	12	19	332	24	375	2.06e-30	134	35
GCF_001716895.1_FCEBIGGO_02699	GCF_009707615_OMCKIJBA_00076	34.181	354	191	12	19	332	24	375	2.06e-30	134	35
GCF_001716895.1_FCEBIGGO_02699	GCF_001909165_PDKPMDCI_01363	34.181	354	191	12	19	332	24	375	2.06e-30	134	35
GCF_001716895.1_FCEBIGGO_02699	GCF_001642805_NMAGAPIH_01562	34.181	354	191	12	19	332	24	375	2.06e-30	134	35
GCF_001716895.1_FCEBIGGO_02699	GCF_003204555_BGHAEKBG_05251	34.181	354	191	12	19	332	24	375	2.10e-30	134	35
GCF_001716895.1_FCEBIGGO_02699	GCF_000521925_EODBHKFL_04815	34.181	354	191	12	19	332	24	375	2.17e-30	134	35
GCF_001716895.1_FCEBIGGO_02699	GCF_000805875_EGFAEKKI_01345	34.181	354	191	12	19	332	24	375	2.19e-30	134	35
GCF_001716895.1_FCEBIGGO_02699	GCF_010119335_PDLDLNIF_03980	34.181	354	191	12	19	332	24	375	2.23e-30	134	35
GCF_001716895.1_FCEBIGGO_02699	GCF_007954245_LNDIBHDM_04991	34.181	354	191	12	19	332	24	375	2.23e-30	134	35
GCF_001716895.1_FCEBIGGO_02699	GCF_003284885_LOGDDOEI_02581	34.181	354	191	12	19	332	24	375	2.23e-30	134	35
GCF_001716895.1_FCEBIGGO_02699	GCF_003204935_LEMANLOH_03333	34.181	354	191	12	19	332	24	375	2.23e-30	134	35
GCF_001716895.1_FCEBIGGO_02699	GCF_003204905_JJMFKLEP_03465	34.181	354	191	12	19	332	24	375	2.23e-30	134	35
GCF_001716895.1_FCEBIGGO_02699	GCF_003204835_BHDHNLBB_00521	34.181	354	191	12	19	332	24	375	2.23e-30	134	35
GCF_001716895.1_FCEBIGGO_02699	GCF_003204795_IHOEEGBL_03791	34.181	354	191	12	19	332	24	375	2.23e-30	134	35
GCF_001716895.1_FCEBIGGO_02699	GCF_003204635_CECJLOBK_00044	34.181	354	191	12	19	332	24	375	2.23e-30	134	35
GCF_001716895.1_FCEBIGGO_02699	GCF_003204595_OIEBAHKH_00156	34.181	354	191	12	19	332	24	375	2.23e-30	134	35
GCF_001716895.1_FCEBIGGO_02699	GCF_003204565_JKELAJCD_00045	34.181	354	191	12	19	332	24	375	2.23e-30	134	35
GCF_001716895.1_FCEBIGGO_02699	GCF_003204525_MADBMKOA_02943	34.181	354	191	12	19	332	24	375	2.23e-30	134	35
GCF_001716895.1_FCEBIGGO_02699	GCF_003031645_OKNJMOKF_02225	34.181	354	191	12	19	332	24	375	2.23e-30	134	35
GCF_001716895.1_FCEBIGGO_02699	GCF_003031545_PALENHMC_02260	34.181	354	191	12	19	332	24	375	2.23e-30	134	35
GCF_001716895.1_FCEBIGGO_02699	GCF_002935055_PLEGKPJI_02612	34.181	354	191	12	19	332	24	375	2.23e-30	134	35
GCF_001716895.1_FCEBIGGO_02699	GCF_002920145_BDJOBMNC_03574	34.181	354	191	12	19	332	24	375	2.23e-30	134	35
GCF_001716895.1_FCEBIGGO_02699	GCF_002920115_FDLEHMMB_03561	34.181	354	191	12	19	332	24	375	2.23e-30	134	35
GCF_001716895.1_FCEBIGGO_02699	GCF_002920095_GDCODCOF_03189	34.181	354	191	12	19	332	24	375	2.23e-30	134	35
GCF_001716895.1_FCEBIGGO_02699	GCF_002918955_PIAPFOON_03216	34.181	354	191	12	19	332	24	375	2.23e-30	134	35
GCF_001716895.1_FCEBIGGO_02699	GCF_002887105_GOKGODKJ_04866	34.181	354	191	12	19	332	24	375	2.23e-30	134	35
GCF_001716895.1_FCEBIGGO_02699	GCF_002886905_FFBEHLFH_04887	34.181	354	191	12	19	332	24	375	2.23e-30	134	35
GCF_001716895.1_FCEBIGGO_02699	GCF_002738105_GHKBCKJD_04789	34.181	354	191	12	19	332	24	375	2.23e-30	134	35
GCF_001716895.1_FCEBIGGO_02699	GCF_002118055_DOOGOFNI_04773	34.181	354	191	12	19	332	24	375	2.23e-30	134	35
GCF_001716895.1_FCEBIGGO_02699	GCF_001539045_KLDONDEF_03668	34.181	354	191	12	19	332	24	375	2.23e-30	134	35
GCF_001716895.1_FCEBIGGO_02699	GCF_001537725_OCGJMCGP_02970	34.181	354	191	12	19	332	24	375	2.23e-30	134	35
GCF_001716895.1_FCEBIGGO_02699	GCF_001317425_DPGENJDM_01690	34.181	354	191	12	19	332	24	375	2.23e-30	134	35
GCF_001716895.1_FCEBIGGO_02699	GCF_001317205_NBNNHCJC_01843	34.181	354	191	12	19	332	24	375	2.23e-30	134	35
GCF_001716895.1_FCEBIGGO_02699	GCF_001067015_DPIHLENP_02043	34.181	354	191	12	19	332	24	375	2.23e-30	134	35
GCF_001716895.1_FCEBIGGO_02699	GCF_001066945_OCFCENGO_00668	34.181	354	191	12	19	332	24	375	2.23e-30	134	35
GCF_001716895.1_FCEBIGGO_02699	GCF_001030265_JDDGKGNL_02733	34.181	354	191	12	19	332	24	375	2.23e-30	134	35
GCF_001716895.1_FCEBIGGO_02699	GCF_000734475_PDIAOMAJ_02039	34.181	354	191	12	19	332	24	375	2.23e-30	134	35
GCF_001716895.1_FCEBIGGO_02699	GCF_010590895_FBHBLAKE_00152	34.181	354	191	12	19	332	24	375	2.25e-30	134	35
GCF_001716895.1_FCEBIGGO_02699	GCF_010499335_FNDEHKIA_01327	34.181	354	191	12	19	332	24	375	2.25e-30	134	35
GCF_001716895.1_FCEBIGGO_02699	GCF_010499325_OCKNCCCO_00508	34.181	354	191	12	19	332	24	375	2.25e-30	134	35
GCF_001716895.1_FCEBIGGO_02699	GCF_007954045_FPOMOOIL_04363	34.181	354	191	12	19	332	24	375	2.25e-30	134	35
GCF_001716895.1_FCEBIGGO_02699	GCF_006842785_IDIKGGCH_02274	34.181	354	191	12	19	332	24	375	2.25e-30	134	35
GCF_001716895.1_FCEBIGGO_02699	GCF_006716825_LGHDANKO_02312	34.181	354	191	12	19	332	24	375	2.25e-30	134	35
GCF_001716895.1_FCEBIGGO_02699	GCF_006711405_NABFCOPI_02311	34.181	354	191	12	19	332	24	375	2.25e-30	134	35
GCF_001716895.1_FCEBIGGO_02699	GCF_006711125_HJEAHDGL_02274	34.181	354	191	12	19	332	24	375	2.25e-30	134	35
GCF_001716895.1_FCEBIGGO_02699	GCF_001594385_DAAKOCKP_03530	34.181	354	191	12	19	332	24	375	2.25e-30	134	35
GCF_001716895.1_FCEBIGGO_02699	GCF_001564475_FHAHPCJK_04262	34.181	354	191	12	19	332	24	375	2.25e-30	134	35
GCF_001716895.1_FCEBIGGO_02699	GCF_001540685_CMBBODAK_04412	34.181	354	191	12	19	332	24	375	2.25e-30	134	35
GCF_001716895.1_FCEBIGGO_02699	GCF_001540605_AJONIDOA_03066	34.181	354	191	12	19	332	24	375	2.25e-30	134	35
GCF_001716895.1_FCEBIGGO_02699	GCF_001540565_DJADPPLL_01357	34.181	354	191	12	19	332	24	375	2.25e-30	134	35
GCF_001716895.1_FCEBIGGO_02699	GCF_001540485_HFEOLOAO_01301	34.181	354	191	12	19	332	24	375	2.25e-30	134	35
GCF_001716895.1_FCEBIGGO_02699	GCF_001540425_LCKJMPFB_01351	34.181	354	191	12	19	332	24	375	2.25e-30	134	35
GCF_001716895.1_FCEBIGGO_02699	GCF_001540405_LDJKDMNN_02245	34.181	354	191	12	19	332	24	375	2.25e-30	134	35
GCF_001716895.1_FCEBIGGO_02699	GCF_001540385_BKMNGIFF_00222	34.181	354	191	12	19	332	24	375	2.25e-30	134	35
GCF_001716895.1_FCEBIGGO_02699	GCF_001540245_DKFOHMII_01291	34.181	354	191	12	19	332	24	375	2.25e-30	134	35
GCF_001716895.1_FCEBIGGO_02699	GCF_001540125_HCJHPJMI_01359	34.181	354	191	12	19	332	24	375	2.25e-30	134	35
GCF_001716895.1_FCEBIGGO_02699	GCF_001539945_DKIJKCPO_03370	34.181	354	191	12	19	332	24	375	2.25e-30	134	35
GCF_001716895.1_FCEBIGGO_02699	GCF_001539925_LIJMCBNM_00162	34.181	354	191	12	19	332	24	375	2.25e-30	134	35
GCF_001716895.1_FCEBIGGO_02699	GCF_001539805_KCMFGJMI_00694	34.181	354	191	12	19	332	24	375	2.25e-30	134	35
GCF_001716895.1_FCEBIGGO_02699	GCF_001539745_EGAMMEON_00161	34.181	354	191	12	19	332	24	375	2.25e-30	134	35
GCF_001716895.1_FCEBIGGO_02699	GCF_001539665_HBMOOKMF_01359	34.181	354	191	12	19	332	24	375	2.25e-30	134	35
GCF_001716895.1_FCEBIGGO_02699	GCF_001539265_IGCGBJOM_01361	34.181	354	191	12	19	332	24	375	2.25e-30	134	35
GCF_001716895.1_FCEBIGGO_02699	GCF_001539205_HKLBNMAO_03899	34.181	354	191	12	19	332	24	375	2.25e-30	134	35
GCF_001716895.1_FCEBIGGO_02699	GCF_001539185_MJPFBMKL_01297	34.181	354	191	12	19	332	24	375	2.25e-30	134	35
GCF_001716895.1_FCEBIGGO_02699	GCF_001539125_JPKPMDLD_01494	34.181	354	191	12	19	332	24	375	2.25e-30	134	35
GCF_001716895.1_FCEBIGGO_02699	GCF_001538985_HCMEMOCN_01321	34.181	354	191	12	19	332	24	375	2.25e-30	134	35
GCF_001716895.1_FCEBIGGO_02699	GCF_001538865_BJECOCFE_01301	34.181	354	191	12	19	332	24	375	2.25e-30	134	35
GCF_001716895.1_FCEBIGGO_02699	GCF_001538725_MJABBOLJ_01573	34.181	354	191	12	19	332	24	375	2.25e-30	134	35
GCF_001716895.1_FCEBIGGO_02699	GCF_001538625_EGCNJPJH_01360	34.181	354	191	12	19	332	24	375	2.25e-30	134	35
GCF_001716895.1_FCEBIGGO_02699	GCF_001538505_NLIFOLLA_00162	34.181	354	191	12	19	332	24	375	2.25e-30	134	35
GCF_001716895.1_FCEBIGGO_02699	GCF_001538465_CIJMKGKK_01610	34.181	354	191	12	19	332	24	375	2.25e-30	134	35
GCF_001716895.1_FCEBIGGO_02699	GCF_001538425_APJNHIJN_01301	34.181	354	191	12	19	332	24	375	2.25e-30	134	35
GCF_001716895.1_FCEBIGGO_02699	GCF_001538385_BLPBINCN_01356	34.181	354	191	12	19	332	24	375	2.25e-30	134	35
GCF_001716895.1_FCEBIGGO_02699	GCF_001538005_HMKHAAAO_01435	34.181	354	191	12	19	332	24	375	2.25e-30	134	35
GCF_001716895.1_FCEBIGGO_02699	GCF_001537865_AFPPOMMC_03941	34.181	354	191	12	19	332	24	375	2.25e-30	134	35
GCF_001716895.1_FCEBIGGO_02699	GCF_001537845_LPCPNNJG_02770	34.181	354	191	12	19	332	24	375	2.25e-30	134	35
GCF_001716895.1_FCEBIGGO_02699	GCF_001537805_EAMPFBJA_01299	34.181	354	191	12	19	332	24	375	2.25e-30	134	35
GCF_001716895.1_FCEBIGGO_02699	GCF_001537705_APOBBCFO_02503	34.181	354	191	12	19	332	24	375	2.25e-30	134	35
GCF_001716895.1_FCEBIGGO_02699	GCF_001537685_IHOMDLND_00220	34.181	354	191	12	19	332	24	375	2.25e-30	134	35
GCF_001716895.1_FCEBIGGO_02699	GCF_001537665_NIMNDOLD_02178	34.181	354	191	12	19	332	24	375	2.25e-30	134	35
GCF_001716895.1_FCEBIGGO_02699	GCF_001537625_IEFOFIFC_01360	34.181	354	191	12	19	332	24	375	2.25e-30	134	35
GCF_001716895.1_FCEBIGGO_02699	GCF_001537605_LNANLBHC_01302	34.181	354	191	12	19	332	24	375	2.25e-30	134	35
GCF_001716895.1_FCEBIGGO_02699	GCF_001537585_GBJKBEJC_01302	34.181	354	191	12	19	332	24	375	2.25e-30	134	35
GCF_001716895.1_FCEBIGGO_02699	GCF_001537505_DPNNJJIM_00312	34.181	354	191	12	19	332	24	375	2.25e-30	134	35
GCF_001716895.1_FCEBIGGO_02699	GCF_001537465_BGELLFLD_01306	34.181	354	191	12	19	332	24	375	2.25e-30	134	35
GCF_001716895.1_FCEBIGGO_02699	GCF_001537445_NMLCBICE_01493	34.181	354	191	12	19	332	24	375	2.25e-30	134	35
GCF_001716895.1_FCEBIGGO_02699	GCF_001537365_EEKOCPBB_01306	34.181	354	191	12	19	332	24	375	2.25e-30	134	35
GCF_001716895.1_FCEBIGGO_02699	GCF_001537285_JGJEMAPK_01299	34.181	354	191	12	19	332	24	375	2.25e-30	134	35
GCF_001716895.1_FCEBIGGO_02699	GCF_001537185_OOEBEJMD_01667	34.181	354	191	12	19	332	24	375	2.25e-30	134	35
GCF_001716895.1_FCEBIGGO_02699	GCF_001537065_MAOCLNMH_00213	34.181	354	191	12	19	332	24	375	2.25e-30	134	35
GCF_001716895.1_FCEBIGGO_02699	GCF_001537005_OPOBILLL_00993	34.181	354	191	12	19	332	24	375	2.25e-30	134	35
GCF_001716895.1_FCEBIGGO_02699	GCF_001536945_GABKBKJC_01361	34.181	354	191	12	19	332	24	375	2.25e-30	134	35
GCF_001716895.1_FCEBIGGO_02699	GCF_001536895_AEBLNHBP_03231	34.181	354	191	12	19	332	24	375	2.25e-30	134	35
GCF_001716895.1_FCEBIGGO_02699	GCF_001536725_FELPCLKB_01403	34.181	354	191	12	19	332	24	375	2.25e-30	134	35
GCF_001716895.1_FCEBIGGO_02699	GCF_001536705_PLDOBDND_00160	34.181	354	191	12	19	332	24	375	2.25e-30	134	35
GCF_001716895.1_FCEBIGGO_02699	GCF_001536585_BCINHBLL_02309	34.181	354	191	12	19	332	24	375	2.25e-30	134	35
GCF_001716895.1_FCEBIGGO_02699	GCF_001536445_JDIHJBHE_01357	34.181	354	191	12	19	332	24	375	2.25e-30	134	35
GCF_001716895.1_FCEBIGGO_02699	GCF_001536345_DMELIGEJ_00077	34.181	354	191	12	19	332	24	375	2.25e-30	134	35
GCF_001716895.1_FCEBIGGO_02699	GCF_003400545_AHHCDJDG_02531	34.181	354	191	12	19	332	24	375	2.31e-30	134	35
GCF_001716895.1_FCEBIGGO_02699	GCF_902166755_CJLKMAEB_01252	34.181	354	191	12	19	332	24	375	2.33e-30	134	35
GCF_001716895.1_FCEBIGGO_02699	GCF_900029885_PIDJFPBJ_02151	34.181	354	191	12	19	332	24	375	2.33e-30	134	35
GCF_001716895.1_FCEBIGGO_02699	GCF_011029825_FCLIPIDP_01261	34.181	354	191	12	19	332	24	375	2.33e-30	134	35
GCF_001716895.1_FCEBIGGO_02699	GCF_010602435_KJEBNJEI_01562	34.181	354	191	12	19	332	24	375	2.33e-30	134	35
GCF_001716895.1_FCEBIGGO_02699	GCF_010598915_PHHJFLEP_03791	34.181	354	191	12	19	332	24	375	2.33e-30	134	35
GCF_001716895.1_FCEBIGGO_02699	GCF_010598685_ANILPDLF_02517	34.181	354	191	12	19	332	24	375	2.33e-30	134	35
GCF_001716895.1_FCEBIGGO_02699	GCF_010598525_HFGKPBFJ_02442	34.181	354	191	12	19	332	24	375	2.33e-30	134	35
GCF_001716895.1_FCEBIGGO_02699	GCF_010598015_CIMLKBOE_00132	34.181	354	191	12	19	332	24	375	2.33e-30	134	35
GCF_001716895.1_FCEBIGGO_02699	GCF_010597835_LGPPCMOK_04192	34.181	354	191	12	19	332	24	375	2.33e-30	134	35
GCF_001716895.1_FCEBIGGO_02699	GCF_010597575_BGJDILPF_02418	34.181	354	191	12	19	332	24	375	2.33e-30	134	35
GCF_001716895.1_FCEBIGGO_02699	GCF_010591095_PKCCMGLK_03397	34.181	354	191	12	19	332	24	375	2.33e-30	134	35
GCF_001716895.1_FCEBIGGO_02699	GCF_010590935_CMIKEDGF_03636	34.181	354	191	12	19	332	24	375	2.33e-30	134	35
GCF_001716895.1_FCEBIGGO_02699	GCF_010590485_EMBGFMEP_02553	34.181	354	191	12	19	332	24	375	2.33e-30	134	35
GCF_001716895.1_FCEBIGGO_02699	GCF_010590205_EPBHEAIP_00167	34.181	354	191	12	19	332	24	375	2.33e-30	134	35
GCF_001716895.1_FCEBIGGO_02699	GCF_010588255_LNJAABJF_02375	34.181	354	191	12	19	332	24	375	2.33e-30	134	35
GCF_001716895.1_FCEBIGGO_02699	GCF_010092765_NJOGLBNE_02328	34.181	354	191	12	19	332	24	375	2.33e-30	134	35
GCF_001716895.1_FCEBIGGO_02699	GCF_010092755_NCIFAGNJ_01159	34.181	354	191	12	19	332	24	375	2.33e-30	134	35
GCF_001716895.1_FCEBIGGO_02699	GCF_010092745_FICONABO_01883	34.181	354	191	12	19	332	24	375	2.33e-30	134	35
GCF_001716895.1_FCEBIGGO_02699	GCF_010092675_EIGCLOOI_01379	34.181	354	191	12	19	332	24	375	2.33e-30	134	35
GCF_001716895.1_FCEBIGGO_02699	GCF_010092645_FODFIGEP_01352	34.181	354	191	12	19	332	24	375	2.33e-30	134	35
GCF_001716895.1_FCEBIGGO_02699	GCF_010078355_PKDEKJFG_00281	34.181	354	191	12	19	332	24	375	2.33e-30	134	35
GCF_001716895.1_FCEBIGGO_02699	GCF_010078335_CMKLNEBP_00834	34.181	354	191	12	19	332	24	375	2.33e-30	134	35
GCF_001716895.1_FCEBIGGO_02699	GCF_009939185_CJCMJLFA_03185	34.181	354	191	12	19	332	24	375	2.33e-30	134	35
GCF_001716895.1_FCEBIGGO_02699	GCF_009939145_MLKCIHDG_03721	34.181	354	191	12	19	332	24	375	2.33e-30	134	35
GCF_001716895.1_FCEBIGGO_02699	GCF_009938955_FHFHHFON_02599	34.181	354	191	12	19	332	24	375	2.33e-30	134	35
GCF_001716895.1_FCEBIGGO_02699	GCF_009909425_EOJDDGBB_02310	34.181	354	191	12	19	332	24	375	2.33e-30	134	35
GCF_001716895.1_FCEBIGGO_02699	GCF_009909405_DKOKNNCO_02311	34.181	354	191	12	19	332	24	375	2.33e-30	134	35
GCF_001716895.1_FCEBIGGO_02699	GCF_009909385_APFGPNCN_02311	34.181	354	191	12	19	332	24	375	2.33e-30	134	35
GCF_001716895.1_FCEBIGGO_02699	GCF_009909365_JHFHDBJH_02980	34.181	354	191	12	19	332	24	375	2.33e-30	134	35
GCF_001716895.1_FCEBIGGO_02699	GCF_009858195_OHAIHBJL_02133	34.181	354	191	12	19	332	24	375	2.33e-30	134	35
GCF_001716895.1_FCEBIGGO_02699	GCF_009833915_NKDEBGOM_02418	34.181	354	191	12	19	332	24	375	2.33e-30	134	35
GCF_001716895.1_FCEBIGGO_02699	GCF_009833905_DCPBKLEO_00644	34.181	354	191	12	19	332	24	375	2.33e-30	134	35
GCF_001716895.1_FCEBIGGO_02699	GCF_009833875_CDHODAMC_04141	34.181	354	191	12	19	332	24	375	2.33e-30	134	35
GCF_001716895.1_FCEBIGGO_02699	GCF_009833865_DNMCMEDF_03662	34.181	354	191	12	19	332	24	375	2.33e-30	134	35
GCF_001716895.1_FCEBIGGO_02699	GCF_009833845_FIMCNALC_00243	34.181	354	191	12	19	332	24	375	2.33e-30	134	35
GCF_001716895.1_FCEBIGGO_02699	GCF_009833815_NNBLAJGN_01537	34.181	354	191	12	19	332	24	375	2.33e-30	134	35
GCF_001716895.1_FCEBIGGO_02699	GCF_009833805_KIHNKDPM_00816	34.181	354	191	12	19	332	24	375	2.33e-30	134	35
GCF_001716895.1_FCEBIGGO_02699	GCF_009833765_JGNINHBM_02628	34.181	354	191	12	19	332	24	375	2.33e-30	134	35
GCF_001716895.1_FCEBIGGO_02699	GCF_009833755_ECMMMEEN_04858	34.181	354	191	12	19	332	24	375	2.33e-30	134	35
GCF_001716895.1_FCEBIGGO_02699	GCF_009833745_BHPHKHEK_02364	34.181	354	191	12	19	332	24	375	2.33e-30	134	35
GCF_001716895.1_FCEBIGGO_02699	GCF_009833725_AGCDAACE_00248	34.181	354	191	12	19	332	24	375	2.33e-30	134	35
GCF_001716895.1_FCEBIGGO_02699	GCF_009833705_BIBJHMHJ_03344	34.181	354	191	12	19	332	24	375	2.33e-30	134	35
GCF_001716895.1_FCEBIGGO_02699	GCF_009833675_AAPLCBPE_02308	34.181	354	191	12	19	332	24	375	2.33e-30	134	35
GCF_001716895.1_FCEBIGGO_02699	GCF_009833655_ENJOIECF_03956	34.181	354	191	12	19	332	24	375	2.33e-30	134	35
GCF_001716895.1_FCEBIGGO_02699	GCF_009833635_PDIFMLEB_04699	34.181	354	191	12	19	332	24	375	2.33e-30	134	35
GCF_001716895.1_FCEBIGGO_02699	GCF_009833625_EAEEAJHK_02842	34.181	354	191	12	19	332	24	375	2.33e-30	134	35
GCF_001716895.1_FCEBIGGO_02699	GCF_009833595_JHAEKEGE_00203	34.181	354	191	12	19	332	24	375	2.33e-30	134	35
GCF_001716895.1_FCEBIGGO_02699	GCF_009833585_NOACFNFD_05029	34.181	354	191	12	19	332	24	375	2.33e-30	134	35
GCF_001716895.1_FCEBIGGO_02699	GCF_009833545_ADCGJMEM_04852	34.181	354	191	12	19	332	24	375	2.33e-30	134	35
GCF_001716895.1_FCEBIGGO_02699	GCF_009833535_KNHMOOAO_02166	34.181	354	191	12	19	332	24	375	2.33e-30	134	35
GCF_001716895.1_FCEBIGGO_02699	GCF_009833525_ODCPEIBF_04935	34.181	354	191	12	19	332	24	375	2.33e-30	134	35
GCF_001716895.1_FCEBIGGO_02699	GCF_009833465_COLBALFD_00322	34.181	354	191	12	19	332	24	375	2.33e-30	134	35
GCF_001716895.1_FCEBIGGO_02699	GCF_009833425_GMADKKAF_00529	34.181	354	191	12	19	332	24	375	2.33e-30	134	35
GCF_001716895.1_FCEBIGGO_02699	GCF_009833405_CBJCCLPH_01868	34.181	354	191	12	19	332	24	375	2.33e-30	134	35
GCF_001716895.1_FCEBIGGO_02699	GCF_009833385_DIAFCOFL_03669	34.181	354	191	12	19	332	24	375	2.33e-30	134	35
GCF_001716895.1_FCEBIGGO_02699	GCF_009833365_LFHEOLMC_03255	34.181	354	191	12	19	332	24	375	2.33e-30	134	35
GCF_001716895.1_FCEBIGGO_02699	GCF_009833345_FIIKCEEM_04157	34.181	354	191	12	19	332	24	375	2.33e-30	134	35
GCF_001716895.1_FCEBIGGO_02699	GCF_009833305_OHLIOMLA_04192	34.181	354	191	12	19	332	24	375	2.33e-30	134	35
GCF_001716895.1_FCEBIGGO_02699	GCF_009833295_CMNAEFNL_02522	34.181	354	191	12	19	332	24	375	2.33e-30	134	35
GCF_001716895.1_FCEBIGGO_02699	GCF_009833285_LPAALPGD_04563	34.181	354	191	12	19	332	24	375	2.33e-30	134	35
GCF_001716895.1_FCEBIGGO_02699	GCF_009833265_CAFIDEHM_01379	34.181	354	191	12	19	332	24	375	2.33e-30	134	35
GCF_001716895.1_FCEBIGGO_02699	GCF_009833205_FCGLOGIB_01318	34.181	354	191	12	19	332	24	375	2.33e-30	134	35
GCF_001716895.1_FCEBIGGO_02699	GCF_009833185_GDAIJKAL_02804	34.181	354	191	12	19	332	24	375	2.33e-30	134	35
GCF_001716895.1_FCEBIGGO_02699	GCF_009833175_NIGJKMJO_00796	34.181	354	191	12	19	332	24	375	2.33e-30	134	35
GCF_001716895.1_FCEBIGGO_02699	GCF_009833165_AOAICPMN_04427	34.181	354	191	12	19	332	24	375	2.33e-30	134	35
GCF_001716895.1_FCEBIGGO_02699	GCF_006494455_GLPKLMNA_02922	34.181	354	191	12	19	332	24	375	2.33e-30	134	35
GCF_001716895.1_FCEBIGGO_02699	GCF_003957985_IBLDDGDL_00384	34.181	354	191	12	19	332	24	375	2.33e-30	134	35
GCF_001716895.1_FCEBIGGO_02699	GCF_003935875_JNKGDCKI_04494	34.181	354	191	12	19	332	24	375	2.33e-30	134	35
GCF_001716895.1_FCEBIGGO_02699	GCF_003935805_HAMIPHIJ_01642	34.181	354	191	12	19	332	24	375	2.33e-30	134	35
GCF_001716895.1_FCEBIGGO_02699	GCF_003935775_CJFIIGAC_00317	34.181	354	191	12	19	332	24	375	2.33e-30	134	35
GCF_001716895.1_FCEBIGGO_02699	GCF_003935755_GICGCKHI_04748	34.181	354	191	12	19	332	24	375	2.33e-30	134	35
GCF_001716895.1_FCEBIGGO_02699	GCF_003935635_KICJPGJB_02421	34.181	354	191	12	19	332	24	375	2.33e-30	134	35
GCF_001716895.1_FCEBIGGO_02699	GCF_003935355_LFMNNHGJ_00953	34.181	354	191	12	19	332	24	375	2.33e-30	134	35
GCF_001716895.1_FCEBIGGO_02699	GCF_003935265_HMGIMJEC_04490	34.181	354	191	12	19	332	24	375	2.33e-30	134	35
GCF_001716895.1_FCEBIGGO_02699	GCF_003935245_EKEJMHGH_02456	34.181	354	191	12	19	332	24	375	2.33e-30	134	35
GCF_001716895.1_FCEBIGGO_02699	GCF_003935235_OMIMDHNO_00124	34.181	354	191	12	19	332	24	375	2.33e-30	134	35
GCF_001716895.1_FCEBIGGO_02699	GCF_003935225_MNMDMBGJ_02371	34.181	354	191	12	19	332	24	375	2.33e-30	134	35
GCF_001716895.1_FCEBIGGO_02699	GCF_003935145_IGMLIJGO_01835	34.181	354	191	12	19	332	24	375	2.33e-30	134	35
GCF_001716895.1_FCEBIGGO_02699	GCF_003935135_KNFOIHML_01306	34.181	354	191	12	19	332	24	375	2.33e-30	134	35
GCF_001716895.1_FCEBIGGO_02699	GCF_003935125_BKMCOMAP_04523	34.181	354	191	12	19	332	24	375	2.33e-30	134	35
GCF_001716895.1_FCEBIGGO_02699	GCF_003703735_OEBKJPNO_02191	34.181	354	191	12	19	332	24	375	2.33e-30	134	35
GCF_001716895.1_FCEBIGGO_02699	GCF_003605795_LBDPAPDO_00934	34.181	354	191	12	19	332	24	375	2.33e-30	134	35
GCF_001716895.1_FCEBIGGO_02699	GCF_003605765_LAAKHCLA_02544	34.181	354	191	12	19	332	24	375	2.33e-30	134	35
GCF_001716895.1_FCEBIGGO_02699	GCF_003602305_FLKAHHEE_03042	34.181	354	191	12	19	332	24	375	2.33e-30	134	35
GCF_001716895.1_FCEBIGGO_02699	GCF_003204805_HFGLODCB_01195	34.181	354	191	12	19	332	24	375	2.33e-30	134	35
GCF_001716895.1_FCEBIGGO_02699	GCF_003204765_BDGIHNFH_01448	34.181	354	191	12	19	332	24	375	2.33e-30	134	35
GCF_001716895.1_FCEBIGGO_02699	GCF_003204645_HMONKKKD_01310	34.181	354	191	12	19	332	24	375	2.33e-30	134	35
GCF_001716895.1_FCEBIGGO_02699	GCF_003204615_MBGCNOAH_00522	34.181	354	191	12	19	332	24	375	2.33e-30	134	35
GCF_001716895.1_FCEBIGGO_02699	GCF_002996885_NAKLMMEF_01855	34.181	354	191	12	19	332	24	375	2.33e-30	134	35
GCF_001716895.1_FCEBIGGO_02699	GCF_002947235_MBEDFOFL_00628	34.181	354	191	12	19	332	24	375	2.33e-30	134	35
GCF_001716895.1_FCEBIGGO_02699	GCF_002946295_KEFFHOBJ_01321	34.181	354	191	12	19	332	24	375	2.33e-30	134	35
GCF_001716895.1_FCEBIGGO_02699	GCF_002920485_HDMCBIBC_02296	34.181	354	191	12	19	332	24	375	2.33e-30	134	35
GCF_001716895.1_FCEBIGGO_02699	GCF_002920475_NDAAHFPP_02936	34.181	354	191	12	19	332	24	375	2.33e-30	134	35
GCF_001716895.1_FCEBIGGO_02699	GCF_002920455_LACCDPEO_01925	34.181	354	191	12	19	332	24	375	2.33e-30	134	35
GCF_001716895.1_FCEBIGGO_02699	GCF_002920435_NMAGPNJB_02924	34.181	354	191	12	19	332	24	375	2.33e-30	134	35
GCF_001716895.1_FCEBIGGO_02699	GCF_002920415_KEJKOBNP_03246	34.181	354	191	12	19	332	24	375	2.33e-30	134	35
GCF_001716895.1_FCEBIGGO_02699	GCF_002920385_DPMBMIAN_02063	34.181	354	191	12	19	332	24	375	2.33e-30	134	35
GCF_001716895.1_FCEBIGGO_02699	GCF_002920375_PAEJNHMN_02722	34.181	354	191	12	19	332	24	375	2.33e-30	134	35
GCF_001716895.1_FCEBIGGO_02699	GCF_002920345_BMBLLIDH_02608	34.181	354	191	12	19	332	24	375	2.33e-30	134	35
GCF_001716895.1_FCEBIGGO_02699	GCF_002920335_HBJAKIGC_01341	34.181	354	191	12	19	332	24	375	2.33e-30	134	35
GCF_001716895.1_FCEBIGGO_02699	GCF_002738185_FCHIENFB_02299	34.181	354	191	12	19	332	24	375	2.33e-30	134	35
GCF_001716895.1_FCEBIGGO_02699	GCF_002264285_ECENHOHI_02038	34.181	354	191	12	19	332	24	375	2.33e-30	134	35
GCF_001716895.1_FCEBIGGO_02699	GCF_002264175_PHJKBEDN_01853	34.181	354	191	12	19	332	24	375	2.33e-30	134	35
GCF_001716895.1_FCEBIGGO_02699	GCF_002264105_PEAMBKOI_02152	34.181	354	191	12	19	332	24	375	2.33e-30	134	35
GCF_001716895.1_FCEBIGGO_02699	GCF_002220655_EOIMFEHF_01579	34.181	354	191	12	19	332	24	375	2.33e-30	134	35
GCF_001716895.1_FCEBIGGO_02699	GCF_002220555_COJHCIFM_01463	34.181	354	191	12	19	332	24	375	2.33e-30	134	35
GCF_001716895.1_FCEBIGGO_02699	GCF_002153355_OGDIBLAL_01268	34.181	354	191	12	19	332	24	375	2.33e-30	134	35
GCF_001716895.1_FCEBIGGO_02699	GCF_002152845_AOPCJABP_01864	34.181	354	191	12	19	332	24	375	2.33e-30	134	35
GCF_001716895.1_FCEBIGGO_02699	GCF_001984565_FIFGHKLP_02601	34.181	354	191	12	19	332	24	375	2.33e-30	134	35
GCF_001716895.1_FCEBIGGO_02699	GCF_001540825_CNCIBFPH_00931	34.181	354	191	12	19	332	24	375	2.33e-30	134	35
GCF_001716895.1_FCEBIGGO_02699	GCF_001540805_DCJPLBEO_02511	34.181	354	191	12	19	332	24	375	2.33e-30	134	35
GCF_001716895.1_FCEBIGGO_02699	GCF_001540785_CKEJLDMC_01086	34.181	354	191	12	19	332	24	375	2.33e-30	134	35
GCF_001716895.1_FCEBIGGO_02699	GCF_001540765_DBBOPHEP_00132	34.181	354	191	12	19	332	24	375	2.33e-30	134	35
GCF_001716895.1_FCEBIGGO_02699	GCF_001540745_FNDDLIGP_02403	34.181	354	191	12	19	332	24	375	2.33e-30	134	35
GCF_001716895.1_FCEBIGGO_02699	GCF_001540725_GGBJONCE_01272	34.181	354	191	12	19	332	24	375	2.33e-30	134	35
GCF_001716895.1_FCEBIGGO_02699	GCF_001540705_OKBIEBNA_00954	34.181	354	191	12	19	332	24	375	2.33e-30	134	35
GCF_001716895.1_FCEBIGGO_02699	GCF_001540665_BOEGMLIE_00392	34.181	354	191	12	19	332	24	375	2.33e-30	134	35
GCF_001716895.1_FCEBIGGO_02699	GCF_001540645_AEKEAOKI_00392	34.181	354	191	12	19	332	24	375	2.33e-30	134	35
GCF_001716895.1_FCEBIGGO_02699	GCF_001540625_DLHHNJPM_00435	34.181	354	191	12	19	332	24	375	2.33e-30	134	35
GCF_001716895.1_FCEBIGGO_02699	GCF_001540585_FOJNHFAO_01368	34.181	354	191	12	19	332	24	375	2.33e-30	134	35
GCF_001716895.1_FCEBIGGO_02699	GCF_001540545_EJIKHFFH_01550	34.181	354	191	12	19	332	24	375	2.33e-30	134	35
GCF_001716895.1_FCEBIGGO_02699	GCF_001540525_FLCHPOBL_01334	34.181	354	191	12	19	332	24	375	2.33e-30	134	35
GCF_001716895.1_FCEBIGGO_02699	GCF_001540505_OEGHJJIC_00394	34.181	354	191	12	19	332	24	375	2.33e-30	134	35
GCF_001716895.1_FCEBIGGO_02699	GCF_001540445_CEBNFFLJ_01563	34.181	354	191	12	19	332	24	375	2.33e-30	134	35
GCF_001716895.1_FCEBIGGO_02699	GCF_001540365_IFPDDDPO_01342	34.181	354	191	12	19	332	24	375	2.33e-30	134	35
GCF_001716895.1_FCEBIGGO_02699	GCF_001540345_DOHKJGLP_01342	34.181	354	191	12	19	332	24	375	2.33e-30	134	35
GCF_001716895.1_FCEBIGGO_02699	GCF_001540325_LFLKAKOL_02221	34.181	354	191	12	19	332	24	375	2.33e-30	134	35
GCF_001716895.1_FCEBIGGO_02699	GCF_001540305_KIIFGAJB_01344	34.181	354	191	12	19	332	24	375	2.33e-30	134	35
GCF_001716895.1_FCEBIGGO_02699	GCF_001540285_GNIAGNPM_01332	34.181	354	191	12	19	332	24	375	2.33e-30	134	35
GCF_001716895.1_FCEBIGGO_02699	GCF_001540265_PJOOHGPL_03524	34.181	354	191	12	19	332	24	375	2.33e-30	134	35
GCF_001716895.1_FCEBIGGO_02699	GCF_001540225_HHMACMCI_01323	34.181	354	191	12	19	332	24	375	2.33e-30	134	35
GCF_001716895.1_FCEBIGGO_02699	GCF_001540185_NKMPPMIL_00515	34.181	354	191	12	19	332	24	375	2.33e-30	134	35